-3.022634983062744141e-01
-1.508994251489639282e-01
1.251347780227661133e+00
3.331686258316040039e-01
3.152377605438232422e-01
8.495234251022338867e-01
3.074468672275543213e-01
-4.381361007690429688e-01
-3.306041359901428223e-01
1.840858578681945801e+00
1.417209506034851074e-01
4.495054483413696289e-01
5.811522603034973145e-01
1.027006030082702637e+00
-2.336705625057220459e-01
-6.706784367561340332e-01
6.105952262878417969e-01
-3.261866569519042969e-01
8.034418821334838867e-01
9.636312723159790039e-02
-8.292329907417297363e-01
-3.377028703689575195e-01
2.409137487411499023e-01
-1.090777814388275146e-01
-1.508892774581909180e-01
6.972256302833557129e-01
-4.587745666503906250e-01
7.250688076019287109e-01
-1.104236483573913574e+00
-1.718239068984985352e+00
-3.958978950977325439e-01
2.718343436717987061e-01
-5.890006572008132935e-02
4.253764450550079346e-01
-5.643024444580078125e-01
7.696679234504699707e-01
-7.901549339294433594e-01
4.081741571426391602e-01
8.829097449779510498e-02
-7.166378200054168701e-02
-8.541938662528991699e-02
1.535462856292724609e+00
-3.951038420200347900e-02
-3.832741081714630127e-02
4.976184368133544922e-01
-6.234484910964965820e-01
5.670723319053649902e-01
8.743697404861450195e-01
-4.116743803024291992e-01
1.453007757663726807e-02
-3.077711760997772217e-01
7.185329198837280273e-01
-1.625376641750335693e-01
5.609638094902038574e-01
-1.005985379219055176e+00
-2.263308614492416382e-01
-9.491142630577087402e-02
-4.041310548782348633e-01
-4.810357689857482910e-01
6.393979787826538086e-01
2.364642471075057983e-01
1.507300019264221191e+00
-7.157606482505798340e-01
1.702645719051361084e-01
-2.955607771873474121e-01
-6.020612716674804688e-01
2.385926842689514160e-01
-7.667092680931091309e-01
7.726073730736970901e-03
8.109527230262756348e-01
9.505908489227294922e-01
-1.001025915145874023e+00
-5.024782419204711914e-01
3.337949514389038086e-01
-4.234039783477783203e-01
9.096085429191589355e-01
9.634551405906677246e-01
3.734641522169113159e-02
8.360531330108642578e-01
-3.834173977375030518e-01
1.784645766019821167e-02
9.775573611259460449e-01
-8.499339222908020020e-01
-8.980520069599151611e-02
-2.586976885795593262e-01
2.696605920791625977e-01
2.543415725231170654e-01
4.548183679580688477e-01
1.237215518951416016e+00
-1.788226604461669922e+00
-7.942223548889160156e-01
-5.430878400802612305e-01
2.094749808311462402e-01
7.702584862709045410e-01
-1.167590737342834473e+00
8.724680542945861816e-02
4.544043242931365967e-01
6.303589940071105957e-01
1.904921084642410278e-01
-7.625761628150939941e-02
-2.736026644706726074e-01
1.597562134265899658e-01
8.245077133178710938e-01
-7.759407758712768555e-01
2.721115201711654663e-02
-3.742744624614715576e-01
-2.146888375282287598e-01
5.230407714843750000e-01
1.310539543628692627e-01
4.152677655220031738e-01
-2.707645595073699951e-01
-5.419318675994873047e-01
6.845475435256958008e-01
-5.099646002054214478e-02
-1.315333843231201172e-01
-4.624288678169250488e-01
-4.212556779384613037e-01
-2.198107540607452393e-01
3.497425615787506104e-01
-1.304441541433334351e-01
2.112197577953338623e-01
2.354841828346252441e-01
7.565475106239318848e-01
-7.182615250349044800e-02
1.151757001876831055e+00
9.967565536499023438e-03
-3.213958144187927246e-01
3.378015756607055664e-01
2.458884119987487793e-01
1.178384542465209961e+00
5.800646543502807617e-01
-5.369441509246826172e-01
-6.220533847808837891e-01
-9.359686970710754395e-01
-1.053461730480194092e-01
8.061110973358154297e-02
4.672988355159759521e-01
-3.948436379432678223e-01
1.233610212802886963e-01
6.451274752616882324e-01
3.290285915136337280e-02
7.087069153785705566e-01
-5.081906318664550781e-01
1.002615690231323242e-01
-1.258990049362182617e+00
2.942817211151123047e-01
-1.078003406524658203e+00
1.189954996109008789e+00
-1.104444980621337891e+00
2.742412872612476349e-02
7.038782238960266113e-01
1.407834440469741821e-01
1.476741209626197815e-02
5.978417117148637772e-03
3.968378305435180664e-01
5.231879949569702148e-01
1.946330785751342773e+00
-1.297976076602935791e-01
-6.548890471458435059e-01
1.407377868890762329e-01
7.079786658287048340e-01
-5.060418248176574707e-01
-2.564707398414611816e-01
1.937873363494873047e+00
-7.765944600105285645e-01
2.861977219581604004e-01
-1.873054206371307373e-01
-8.065420389175415039e-02
-4.320071637630462646e-01
-6.776924431324005127e-02
4.770976603031158447e-01
-5.567592382431030273e-01
-1.561000347137451172e-01
-7.993635535240173340e-02
1.174226403236389160e-01
1.084603220224380493e-01
-1.638687700033187866e-01
1.572013735771179199e+00
1.512408852577209473e-01
-3.030283451080322266e-01
-2.984854876995086670e-01
-8.841661214828491211e-01
-4.771053493022918701e-01
-9.701345860958099365e-02
5.726979374885559082e-01
2.531043887138366699e-01
2.873803079128265381e-01
-3.791344165802001953e-01
-5.129517912864685059e-01
3.005068302154541016e-01
-4.329755604267120361e-01
6.816279292106628418e-01
-9.460289478302001953e-01
2.747010886669158936e-01
2.902806997299194336e-01
9.589610695838928223e-01
-6.056123226881027222e-02
8.290424346923828125e-01
-2.915922701358795166e-01
4.513258934020996094e-01
-1.344748586416244507e-01
-3.526580631732940674e-01
-2.103458046913146973e-01
3.032446503639221191e-01
-6.225587129592895508e-01
1.183540582656860352e+00
2.511096298694610596e-01
-3.540849983692169189e-01
3.889175057411193848e-01
1.715897023677825928e-01
-3.155655264854431152e-01
5.878862142562866211e-01
1.346436440944671631e-01
-2.253832221031188965e-01
-6.314811706542968750e-01
9.505620002746582031e-01
-7.660351693630218506e-04
1.285857409238815308e-01
-4.107968211174011230e-01
-1.024859070777893066e+00
-4.340261220932006836e-02
-3.929389119148254395e-01
-6.059751510620117188e-01
-3.920608162879943848e-01
-8.861289024353027344e-01
-3.746255934238433838e-01
3.415759503841400146e-01
5.624083280563354492e-01
-4.432949423789978027e-02
-1.014691963791847229e-01
-2.567660808563232422e-01
-9.114755988121032715e-01
1.907981485128402710e-01
-3.921579718589782715e-01
-1.349471807479858398e-01
7.798175513744354248e-02
9.164983630180358887e-01
3.258855938911437988e-01
-1.069493412971496582e+00
4.770352244377136230e-01
-5.255646705627441406e-01
4.242859780788421631e-01
6.232619285583496094e-01
-1.800297796726226807e-01
4.005954414606094360e-02
8.650463819503784180e-01
-1.193358600139617920e-01
3.712952733039855957e-01
4.527149796485900879e-01
-1.227626800537109375e+00
1.433683335781097412e-01
-7.438772916793823242e-01
6.691607236862182617e-01
-2.433353960514068604e-01
2.724084258079528809e-01
1.981740891933441162e-01
-2.326746582984924316e-01
1.271319240331649780e-01
8.046941161155700684e-01
1.714133620262145996e-01
4.845887124538421631e-01
1.032900735735893250e-01
-9.117054343223571777e-01
5.094022750854492188e-01
4.343436062335968018e-01
3.034756183624267578e-01
5.157806277275085449e-01
2.416628152132034302e-01
1.705619692802429199e-01
-9.337486326694488525e-02
3.107364177703857422e-01
3.234581947326660156e-01
6.944575309753417969e-01
-2.474412024021148682e-01
-1.336012035608291626e-01
-2.538892626762390137e-01
-1.387467086315155029e-01
-6.265969872474670410e-01
-5.243895202875137329e-02
-1.636587381362915039e-01
-2.339775115251541138e-01
-4.989560246467590332e-01
3.271513581275939941e-01
-1.058081150054931641e+00
-1.233396455645561218e-01
5.472701787948608398e-01
4.739477038383483887e-01
-1.119540929794311523e-01
-4.068549275398254395e-01
-3.614743351936340332e-01
3.218375444412231445e-01
-6.462800502777099609e-02
-1.279792487621307373e-01
5.525302886962890625e-01
-5.581041574478149414e-01
-5.738615393638610840e-01
-2.474172860383987427e-01
2.520428299903869629e-01
6.886753439903259277e-01
-3.454454541206359863e-01
8.806786537170410156e-01
3.533107638359069824e-01
6.978604793548583984e-01
3.927711844444274902e-01
-4.288201332092285156e-01
1.133015528321266174e-01
7.608544826507568359e-01
3.515239357948303223e-01
-2.988719940185546875e-02
1.547557115554809570e+00
-1.592144131660461426e+00
7.424262166023254395e-01
-3.968352675437927246e-01
4.657020866870880127e-01
-1.083692163228988647e-01
-1.577798128128051758e-01
-1.151748746633529663e-02
6.788861751556396484e-01
-1.343669652938842773e+00
8.563913702964782715e-01
-4.460387229919433594e-01
-1.829001307487487793e-02
-2.764299511909484863e-01
-1.167366057634353638e-01
7.016251981258392334e-02
-1.500298380851745605e-01
4.054301977157592773e-01
-1.185117483139038086e+00
7.482213377952575684e-01
2.629246413707733154e-01
-1.164087891578674316e+00
1.354252994060516357e-01
-5.436840057373046875e-01
5.796331167221069336e-02
-5.448785424232482910e-01
1.485524624586105347e-01
6.086600422859191895e-01
6.479731202125549316e-01
-4.517661333084106445e-01
2.004925459623336792e-01
4.436259269714355469e-01
-5.385720729827880859e-01
1.344045847654342651e-01
-1.039640903472900391e+00
1.311476081609725952e-01
-2.588363885879516602e-01
3.159352242946624756e-01
3.468375802040100098e-01
-1.340795904397964478e-01
2.066141366958618164e-01
-9.821465611457824707e-01
1.664245277643203735e-01
-2.598083019256591797e-01
-2.107690870761871338e-01
-3.201030492782592773e-01
1.122360706329345703e+00
1.550942957401275635e-01
-1.998474597930908203e-01
1.319633871316909790e-01
-3.651961386203765869e-01
6.901279836893081665e-02
2.996946573257446289e-01
-2.217060327529907227e-01
-2.742556333541870117e-01
-1.064597606658935547e+00
-2.437015920877456665e-01
-6.493226438760757446e-02
-5.914124250411987305e-01
-1.327461302280426025e-01
1.368166685104370117e+00
4.282250404357910156e-01
6.198849678039550781e-01
4.184070229530334473e-02
-1.133818030357360840e+00
-7.285562157630920410e-01
8.949420452117919922e-01
-1.862306892871856689e-01
-8.946229219436645508e-01
1.584119677543640137e+00
1.000276088714599609e+00
9.813838601112365723e-01
-1.233705207705497742e-01
6.233707815408706665e-02
-5.166856050491333008e-01
6.855292916297912598e-01
-1.216913610696792603e-01
3.906416594982147217e-01
-9.467583298683166504e-01
-2.267623394727706909e-01
2.255545258522033691e-01
1.487860977649688721e-01
-2.763407230377197266e-01
-6.246081367135047913e-02
-2.672755718231201172e-01
-7.654920220375061035e-02
-1.187643855810165405e-01
3.684321343898773193e-01
4.495268762111663818e-01
-7.103236913681030273e-01
-7.354446649551391602e-01
9.367550164461135864e-02
9.918319582939147949e-01
7.593908309936523438e-01
-8.777581155300140381e-02
2.773630023002624512e-01
3.477817773818969727e-01
-4.502606391906738281e-01
1.611525714397430420e-01
-6.490288972854614258e-01
7.190763950347900391e-03
-8.703890442848205566e-01
3.137496709823608398e-01
3.038674890995025635e-01
-2.935371696949005127e-01
3.528085350990295410e-01
4.054152965545654297e-01
-2.611892521381378174e-01
-1.880986392498016357e-01
-4.720536172389984131e-01
2.151075601577758789e-01
1.571837365627288818e-01
-6.672149300575256348e-01
-3.059718906879425049e-01
-3.389182090759277344e+00
-1.748675480484962463e-02
3.478446602821350098e-02
-3.867193758487701416e-01
5.607742667198181152e-01
-8.791266083717346191e-01
-1.907036304473876953e-01
-1.587770581245422363e+00
9.378710985183715820e-01
1.043822094798088074e-01
2.497898042201995850e-01
7.824090719223022461e-01
-8.608864545822143555e-01
-1.182632923126220703e+00
9.817169308662414551e-01
-3.171832859516143799e-01
1.175023555755615234e+00
-5.740839242935180664e-01
-4.507467150688171387e-01
4.324724972248077393e-01
4.057704210281372070e-01
-5.810264945030212402e-01
6.408599764108657837e-02
-2.422968596220016479e-01
-5.423890948295593262e-01
5.380035936832427979e-02
9.776105880737304688e-01
1.699101626873016357e-01
-9.768279790878295898e-01
-2.243014276027679443e-01
-3.942759931087493896e-01
-8.355464339256286621e-01
-9.586136937141418457e-01
-1.534562826156616211e+00
4.554480910301208496e-01
2.122801095247268677e-01
2.541909813880920410e-01
2.567446529865264893e-01
4.578209482133388519e-03
9.702242612838745117e-01
-3.868066072463989258e-01
1.386276632547378540e-01
-1.196524024009704590e+00
4.722462892532348633e-01
-2.776907086372375488e-01
8.382086753845214844e-01
6.941071748733520508e-01
-3.646792471408843994e-01
6.769230961799621582e-01
9.739443659782409668e-01
-3.139470815658569336e-01
-2.653857767581939697e-01
-2.373330593109130859e-01
-3.927252441644668579e-02
-3.638388216495513916e-01
3.769580721855163574e-01
1.318800598382949829e-01
1.931525319814682007e-01
3.505868613719940186e-01
1.435902237892150879e+00
-3.570777177810668945e-02
-5.191397666931152344e-01
-5.406033992767333984e-01
2.985410392284393311e-01
2.310083806514739990e-02
4.029763936996459961e-01
1.799294203519821167e-01
2.175100743770599365e-01
-6.202423572540283203e-01
-2.158763259649276733e-02
-2.266023874282836914e+00
5.463334918022155762e-01
6.115847826004028320e-02
-2.204075455665588379e-01
-1.189959764480590820e+00
1.297575384378433228e-01
-1.262157201766967773e+00
-1.190953969955444336e+00
5.225381255149841309e-01
-2.408295422792434692e-01
-9.223300963640213013e-02
-5.469102412462234497e-02
1.331308782100677490e-01
-1.091090083122253418e+00
1.065148785710334778e-01
1.677407622337341309e-01
6.269363164901733398e-01
-1.761628031730651855e+00
-1.020956039428710938e-02
2.018395066261291504e-02
4.126480221748352051e-02
3.648322820663452148e-01
1.458092331886291504e+00
7.827273011207580566e-02
-4.028612971305847168e-01
5.568771362304687500e-01
5.206237435340881348e-01
-5.135170817375183105e-01
5.669468641281127930e-01
-4.543901085853576660e-01
1.355028301477432251e-01
1.458353638648986816e+00
1.047353148460388184e-01
3.100824356079101562e-01
-7.846990823745727539e-01
-1.581687331199645996e-01
8.435088396072387695e-02
-7.115010023117065430e-01
1.135131955146789551e+00
-2.195881307125091553e-01
3.229679912328720093e-02
2.002677023410797119e-01
5.680939555168151855e-01
-6.869982481002807617e-01
7.112047672271728516e-01
-4.942460060119628906e-01
4.572150111198425293e-01
-5.047851800918579102e-01
6.426800787448883057e-02
-8.681062459945678711e-01
-3.333312869071960449e-01
5.117222666740417480e-01
5.241312980651855469e-01
-4.587197899818420410e-01
-5.302269011735916138e-02
3.294083774089813232e-01
1.629392504692077637e-01
-1.721924841403961182e-01
7.307434082031250000e-01
8.031392693519592285e-01
-9.453643858432769775e-02
4.744363725185394287e-01
4.329002201557159424e-01
7.000525593757629395e-01
-3.731732815504074097e-02
-5.202755331993103027e-01
-7.410040497779846191e-02
-8.413325548171997070e-01
7.146216630935668945e-01
4.775912463665008545e-01
7.567752599716186523e-01
-1.799288988113403320e-01
-2.250233888626098633e-01
-8.658919930458068848e-01
-1.999578475952148438e-01
-1.810185670852661133e+00
1.159660339355468750e+00
3.134054541587829590e-01
1.066764593124389648e+00
6.820406913757324219e-01
5.246949791908264160e-01
-1.694463044404983521e-01
2.434585839509963989e-01
-1.177283644676208496e+00
5.671259164810180664e-01
-2.161474525928497314e-01
-3.292622864246368408e-01
-1.554654836654663086e+00
-8.318232893943786621e-01
-2.309324294328689575e-01
-6.686497926712036133e-01
-3.233404159545898438e-01
-5.749964714050292969e-01
-1.143995881080627441e+00
4.908504486083984375e-01
1.162131190299987793e+00
-2.965251803398132324e-01
3.350886106491088867e-01
7.261450290679931641e-01
-9.354866147041320801e-01
8.437879085540771484e-01
8.164899796247482300e-02
-1.097285389900207520e+00
-5.821851491928100586e-01
-4.155778586864471436e-01
6.371459960937500000e-01
9.880921840667724609e-01
5.226139426231384277e-01
-1.098745465278625488e-01
-1.416256278753280640e-01
-7.840579152107238770e-01
-6.131805181503295898e-01
1.443367004394531250e-01
7.550957053899765015e-02
-7.367338538169860840e-01
-3.637655079364776611e-01
-7.897987365722656250e-01
4.197509586811065674e-01
5.905715227127075195e-01
-2.767966389656066895e-01
9.951716288924217224e-03
1.507623642683029175e-01
6.347084641456604004e-01
-1.822149038314819336e+00
1.787315458059310913e-01
1.006512880325317383e+00
-8.928542137145996094e-01
8.386683464050292969e-01
1.315378785133361816e+00
-3.180205225944519043e-01
-7.170279324054718018e-02
-3.780792355537414551e-01
8.190973997116088867e-01
4.175348952412605286e-02
-3.608731031417846680e-01
-5.425029993057250977e-01
2.177901193499565125e-02
-9.344900846481323242e-01
1.940510272979736328e-01
1.049278020858764648e+00
5.611829757690429688e-01
-6.703483462333679199e-01
2.095323055982589722e-01
-5.562129616737365723e-01
-1.629512012004852295e-01
5.969370007514953613e-01
2.177775353193283081e-01
6.382616758346557617e-01
-4.664586186408996582e-01
-2.241635620594024658e-01
-1.031280517578125000e+00
1.320372670888900757e-01
3.923267126083374023e-01
-5.152536034584045410e-01
5.342005491256713867e-01
-1.339860320091247559e+00
1.309174299240112305e-01
-9.213441014289855957e-01
-9.526270031929016113e-01
1.049282193183898926e+00
-7.685769349336624146e-02
-6.706844568252563477e-01
3.715987205505371094e-01
-4.486254230141639709e-02
-1.221208810806274414e+00
-1.389283895492553711e+00
2.282466888427734375e+00
7.292855978012084961e-01
8.623937368392944336e-01
1.083182930946350098e+00
5.995615720748901367e-01
-1.235974788665771484e+00
1.011547923088073730e+00
-1.947295218706130981e-01
-4.279933571815490723e-01
9.258147478103637695e-01
-1.489328742027282715e-01
-2.345497608184814453e-01
-5.753976851701736450e-02
1.182374119758605957e+00
-5.257408618927001953e-01
7.883520126342773438e-01
1.199760958552360535e-01
-3.481703400611877441e-01
-4.924528300762176514e-01
-7.538660764694213867e-01
-4.374741911888122559e-01
2.311727702617645264e-01
-5.679128766059875488e-01
4.544822573661804199e-01
-2.437982708215713501e-01
1.224998474121093750e+00
2.126949429512023926e-01
4.504413902759552002e-01
3.561110794544219971e-01
2.887026071548461914e-01
-2.089318633079528809e-01
-8.405045270919799805e-01
6.777139753103256226e-02
-9.839923381805419922e-01
3.745148703455924988e-02
-4.696691036224365234e-01
-1.737214565277099609e+00
1.162439823150634766e+00
5.059759616851806641e-01
1.838822364807128906e-01
-6.997046470642089844e-01
-1.998348981142044067e-01
1.983014047145843506e-01
9.871233999729156494e-02
-8.363182842731475830e-02
-2.004206925630569458e-02
-1.056573152542114258e+00
-2.582370042800903320e-01
-1.312832474708557129e+00
4.306676387786865234e-01
4.845287501811981201e-01
-4.591044783592224121e-01
-3.071691393852233887e-01
-2.766392938792705536e-02
-1.486528754234313965e+00
5.858606100082397461e-02
-3.779512643814086914e-01
-7.807421684265136719e-01
-5.088758468627929688e-01
1.974562853574752808e-01
-2.226610668003559113e-02
-1.381091028451919556e-02
-1.095754742622375488e+00
-3.488422632217407227e-01
4.889460206031799316e-01
-4.624451696872711182e-01
5.912529230117797852e-01
8.808971047401428223e-01
-7.143126428127288818e-02
-6.185247302055358887e-01
-1.677076458930969238e+00
-7.644092440605163574e-01
-1.351521492004394531e+00
-4.228118956089019775e-01
-1.101708769798278809e+00
-4.092960357666015625e-01
9.499974548816680908e-02
5.874375700950622559e-01
8.713443875312805176e-01
1.042261719703674316e+00
1.354994416236877441e+00
2.837100625038146973e-01
-1.742810010910034180e-03
-1.423771500587463379e+00
6.150828599929809570e-01
1.035265564918518066e+00
-5.689549446105957031e-01
-3.017705678939819336e-01
-3.374823033809661865e-01
3.542096912860870361e-02
4.326791763305664062e-01
5.102237462997436523e-01
-8.808284252882003784e-02
1.545549780130386353e-01
9.635394811630249023e-02
3.422156572341918945e-01
1.866869926452636719e+00
-4.482259452342987061e-01
-4.885530471801757812e-01
-4.569668471813201904e-01
-2.792008519172668457e-01
8.650842308998107910e-02
-9.075117111206054688e-01
-5.251857638359069824e-01
-2.850939035415649414e-01
1.707947552204132080e-01
8.458089828491210938e-01
2.679328918457031250e-01
-1.140699505805969238e+00
